<?xml version="1.0"?>
<opencv_storage>
<calibration_time>"Wed May 18 12:46:26 2016"</calibration_time>
<nr_of_frames>50</nr_of_frames>
<image_width>640</image_width>
<image_height>480</image_height>
<board_width>5</board_width>
<board_height>5</board_height>
<square_size>96.</square_size>
<fix_aspect_ratio>1.</fix_aspect_ratio>
<!-- flags:  +fix_aspect_ratio +fix_principal_point +zero_tangent_dist -->
<flags>14</flags>
<camera_matrix type_id="opencv-matrix">
  <rows>3</rows>
  <cols>3</cols>
  <dt>d</dt>
  <data>
    9.1118653653423394e+02 0. 3.1950000000000000e+02 0.
    9.1118653653423394e+02 2.3950000000000000e+02 0. 0. 1.</data></camera_matrix>
<distortion_coefficients type_id="opencv-matrix">
  <rows>5</rows>
  <cols>1</cols>
  <dt>d</dt>
  <data>
    7.7718793869357830e-02 -1.9578637121547946e+00 0. 0.
    1.1518806414603958e+01</data></distortion_coefficients>
<avg_reprojection_error>1.5293142916467515e+00</avg_reprojection_error>
<per_view_reprojection_errors type_id="opencv-matrix">
  <rows>50</rows>
  <cols>1</cols>
  <dt>f</dt>
  <data>
    1.18347919e+00 1.49618292e+00 9.94063556e-01 7.89055705e-01
    1.44482994e+00 9.36444342e-01 1.08772731e+00 1.09405720e+00
    9.86005127e-01 1.08721364e+00 8.55474889e-01 9.92129922e-01
    1.37133706e+00 2.23238254e+00 1.32992113e+00 1.81000936e+00
    1.66399515e+00 1.19466174e+00 1.80385113e+00 1.08593833e+00
    9.84338403e-01 1.36229813e+00 9.77561533e-01 1.19613755e+00
    3.09019971e+00 1.64838493e+00 1.70325148e+00 1.62753570e+00
    2.18919563e+00 1.53016543e+00 2.33728456e+00 1.66542029e+00
    1.66495192e+00 1.86242592e+00 1.37247944e+00 1.32179391e+00
    1.26694143e+00 1.64128661e+00 1.51728368e+00 2.60058880e+00
    9.65062976e-01 1.17898822e+00 1.30533481e+00 1.13644063e+00
    1.89719403e+00 1.98534596e+00 8.02633166e-01 9.92171466e-01
    1.66417992e+00 1.74567831e+00</data></per_view_reprojection_errors>
<extrinsic_parameters type_id="opencv-matrix">
  <rows>50</rows>
  <cols>6</cols>
  <dt>d</dt>
  <data>
    -2.5894926032343311e-02 -2.3960256791687345e-01
    2.1765209604049870e-01 -1.1176447578037350e+02
    -2.9706298725614164e+02 1.4858528374141372e+03
    -5.1734532924160109e-02 2.9887581596210117e-01
    2.0639081979900520e-01 -3.0456271173243145e+01
    -3.8155604641490305e+02 1.6584897036142779e+03
    -4.5094972299772336e-02 7.3036967656411114e-02
    2.3155543223088543e-01 2.4777510505249175e+01
    -1.9769835518086617e+02 1.5533059704954997e+03
    -1.8000624077292512e-02 2.8400338734543180e-02
    2.3681218614423788e-01 2.0983739682956686e+00
    -1.2888676922754328e+02 1.5470955332748420e+03
    -5.4246017051185473e-02 9.6855473731846262e-02
    8.3833354991101158e-02 -4.5977180336853127e+02
    -1.7422329408853062e+02 1.6077178900040012e+03
    8.1219664449439163e-02 3.4445996961600202e-02
    -2.1030923644446480e+00 -1.8354521447603247e+02
    2.1745219278918898e+02 1.5785373804342978e+03
    -5.6880856759025454e-02 1.6380450554714404e-02
    5.0790979276861214e-02 -2.5129383576903791e+02
    -3.3702190708199834e+02 1.6377997419355509e+03
    -5.4029213982537044e-02 -1.1725704779539091e-01
    -3.0741252345162242e+00 1.6305684724438692e+02
    1.4751136862412474e+02 1.6034131162747685e+03
    -1.5064223568821306e-01 -9.0379556374760681e-02
    -3.0683779480789988e+00 3.5166604584738388e+02
    1.4611845700622126e+02 1.5532213400382516e+03 1.3520828056915256e-02
    9.8279959940709385e-02 7.4926309034900121e-02 8.1679330799367193e+01
    -3.5430346667985935e+02 1.5543876201085986e+03
    -1.8989683554931316e-01 -3.4771158263660069e-02
    -3.0439656257458747e+00 3.4566240973188690e+02
    1.7847283141370215e+02 1.5299139786451660e+03 3.4524819857094581e-02
    4.9652510160493601e-02 9.8028291199601089e-02
    -2.8383488477908617e+02 -2.9634084085783985e+02
    1.3313589767909143e+03 -3.2778364873481608e-01
    -1.3815735497833370e-01 -2.8961139266912750e+00
    1.2174393443367539e+02 2.0417436963190238e+02 1.2270742754421317e+03
    5.8384774818412877e-01 -4.3926477948963877e-01
    -2.9136374278653925e+00 1.7287433523296588e+02
    1.9897709792839905e+02 1.2064055818533830e+03
    -4.7244165864437759e-01 -2.1458429032739076e-01
    1.8485774405078595e-01 -2.1637080770392095e+02
    -2.7754091698383445e+02 1.4361354174477951e+03
    -3.9338676282279011e-01 -3.6416345672551503e-01
    2.1377416981699512e-01 4.2008874819006479e+01
    -2.6687728703531405e+02 1.4851961882748842e+03
    9.6063275693174477e-01 -2.9912941396436787e-01
    -2.7524700193610641e+00 2.8148202199218571e+02
    1.6661463392193292e+02 1.4822970826188209e+03
    -1.1250168735700966e-01 -1.4683918379555530e-01
    1.8408977332637791e-01 -3.3680602679578504e+00
    -2.6349331493158110e+02 1.3674490126583366e+03
    -4.9086511169131264e-02 3.5544480118069860e-01
    1.6150835050775961e-01 1.7316376665849283e+01
    -3.2038788857550770e+02 1.3822875508185336e+03
    -1.0528895342974161e-01 3.2142829735829093e-01
    1.3126742906371761e-01 -2.8964213485198552e+01
    -2.2194665791120369e+02 1.3622092096863571e+03
    -1.4538634436009995e-01 2.5421320496351174e-01
    1.5166909511631199e-01 -5.2238639583700689e+01
    -1.7020800336278248e+02 1.3687120473329107e+03
    -1.3903598020218244e-01 2.3278498217084151e-01
    1.4899885342521013e-01 -8.4369593240529596e+01
    -1.8031074207043920e+02 1.3502170193403879e+03
    -1.1448836023394243e-01 2.1887315187713416e-01
    1.5314746602266355e-01 -9.9952922583833157e+01
    -2.1001591333020374e+02 1.3319660960231975e+03
    -1.1182501934648757e-01 2.3795166826409470e-01
    1.5839020933920633e-01 -1.0862250462714599e+02
    -2.2820126726316522e+02 1.3225367880947051e+03
    -3.2553197133723488e-01 -2.9041364032286943e-01
    -2.3097771464134004e-01 -2.6544682963013366e+02
    -2.3940837894407679e+02 1.1658163332134479e+03
    -4.3845540969354879e-01 -6.9624173782660365e-02
    1.2780473072128755e+00 8.5538276629652287e+01
    -2.3599192371896913e+02 1.2797373136836154e+03
    -5.2636325297021280e-01 -6.9793984511692025e-02
    1.2549479860971440e+00 5.0871668885916932e+01
    -2.3863710527543236e+02 1.3184532108725768e+03
    -5.7035464903977307e-01 -1.0012056993498342e-01
    1.2228456539656616e+00 -3.8516090877862460e+01
    -2.2816107014261709e+02 1.3849210806431270e+03
    -2.3691989913867728e-01 -3.1168057895451207e-01
    -1.8374192075873714e+00 -2.3360287729481840e+02
    2.0019881250209991e+02 1.1413383681392222e+03 3.0147327914054101e-01
    -3.3992003590059933e-01 -3.0277271945050628e+00
    1.3347643424207070e+02 1.8178779696681752e+02 1.3066910768559592e+03
    -3.3020060821975900e-01 -4.0008407183792566e-01
    2.9745718985023314e-02 -3.6793534320632347e+02
    -2.8971122767754531e+02 1.2898360505443200e+03
    -1.5006196640504582e-01 3.7316883844014004e-01
    1.5346818249176519e+00 3.2452855663802012e+02
    -2.5642952078790478e+02 1.5814976875576267e+03
    -1.7862882495344401e-01 3.5102426756499366e-01
    1.5405137010433856e+00 3.1213842983643173e+02
    -2.5711932322889794e+02 1.5915623707194557e+03
    7.8736006999018601e-02 -4.7364151095769680e-01
    -3.0963956871952467e+00 6.4988861220341860e+01
    1.0275987122289199e+02 1.4412326906359922e+03 9.6656331521285638e-02
    -4.4980745870191757e-01 -3.0910404921205563e+00
    7.5371413040765859e+01 1.1401492035870565e+02 1.4267809966103841e+03
    7.4089156053106731e-02 -3.9430740124580960e-01
    -3.0938906288791870e+00 7.6741230405244323e+01
    1.2689747787505576e+02 1.4201475329831874e+03 6.4633473682943990e-02
    -3.9508784473770042e-01 -3.0943922673340727e+00
    8.3808010244491541e+01 1.3399390652370570e+02 1.4155031424589754e+03
    -2.4648063559281233e-01 -9.4862587797102979e-02
    2.8332614430056281e-02 -3.7697193009779244e+02
    -2.4664787923672841e+02 1.4817869677414819e+03
    -2.1692712087889054e-01 1.6221601968292509e-01
    1.5421941586139212e+00 1.3127178084954377e+02
    -1.9468970852056847e+02 1.4703063095791329e+03
    -4.0810551182508786e-01 -3.5750400758311797e-02
