<?xml version="1.0"?>
<opencv_storage>
<calibration_time>"Fri 29 Jul 2016 02:12:10 PM CEST"</calibration_time>
<nr_of_frames>27</nr_of_frames>
<image_width>640</image_width>
<image_height>480</image_height>
<board_width>9</board_width>
<board_height>6</board_height>
<square_size>24.</square_size>
<fix_aspect_ratio>1.</fix_aspect_ratio>
<!-- flags:  +fix_aspect_ratio +fix_principal_point +zero_tangent_dist -->
<flags>14</flags>
<camera_matrix type_id="opencv-matrix">
  <rows>3</rows>
  <cols>3</cols>
  <dt>d</dt>
  <data>
    8.2787674567248939e+02 0. 3.1950000000000000e+02 0.
    8.2787674567248939e+02 2.3950000000000000e+02 0. 0. 1.</data></camera_matrix>
<distortion_coefficients type_id="opencv-matrix">
  <rows>5</rows>
  <cols>1</cols>
  <dt>d</dt>
  <data>
    1.1198107649593175e-01 3.0107598160986576e-01 0. 0.
    -2.9713649039718457e+00</data></distortion_coefficients>
<avg_reprojection_error>3.5687804358975311e-01</avg_reprojection_error>
<per_view_reprojection_errors type_id="opencv-matrix">
  <rows>27</rows>
  <cols>1</cols>
  <dt>f</dt>
  <data>
    2.78691530e-01 4.31090564e-01 2.65424669e-01 3.13306183e-01
    4.64527518e-01 4.57832813e-01 3.60885024e-01 5.19612789e-01
    4.38771158e-01 1.94006041e-01 2.43872687e-01 2.86414146e-01
    2.93786526e-01 3.78844768e-01 5.87758899e-01 2.29090109e-01
    1.68165043e-01 1.73734918e-01 4.80208814e-01 2.24617869e-01
    2.92349815e-01 3.34179491e-01 2.97591239e-01 3.45686823e-01
    3.71238202e-01 3.81561220e-01 3.91728163e-01</data></per_view_reprojection_errors>
<extrinsic_parameters type_id="opencv-matrix">
  <rows>27</rows>
  <cols>6</cols>
  <dt>d</dt>
  <data>
    1.8433777611853669e-01 1.5365701682563673e-01 3.0907700080793852e+00
    1.0144124002377545e+02 1.8254367103134644e+01 5.8911695783567984e+02
    -7.4335390708899840e-01 -4.7204476909648574e-02
    -2.9180890389894416e+00 1.2898880954103635e+02
    1.0541695674226203e+01 5.6968386988724330e+02
    -5.4395714177758303e-01 -8.6835206710810686e-02
    -2.9557148898488133e+00 1.4045152319042575e+02
    9.2316529820178587e+01 5.2730867857483349e+02
    -4.8363781724135269e-01 -3.9528578012304937e-02
    -3.0152968069148840e+00 9.6143134646443443e+01
    7.5806308121934336e+01 5.6528595834078214e+02
    -2.9810371036985195e-01 1.0792834409695025e-01
    -3.0720435374347517e+00 -2.8591554735593945e+01
    1.4312889441059738e+02 6.4184599553394128e+02 4.3759453799284542e-01
    2.7880635163496724e-02 2.9660012614973472e+00 2.6208225671773491e+01
    1.5380714693345011e+01 6.0711687489653548e+02
    -7.0962377339679950e-01 -1.1622711113045397e-02
    -2.9225871705539084e+00 1.1029751941709137e+02
    9.8990819225532380e+00 7.0954293389655061e+02
    -9.6093688582480286e-01 9.1951302428364287e-02
    2.9281776151012271e+00 -4.6894656504436547e+00
    -1.8026821057879239e+01 7.4169366302687354e+02
    -6.7143580467345776e-01 1.3851225830482500e-01
    3.0425402622290467e+00 7.4935137865129022e+01
    -2.6411409665813226e+00 7.2084443431454338e+02
    4.3504752142112924e-01 9.0174643740568716e-03 3.0907555683495680e+00
    1.9212037717943920e+02 -9.3989393205140566e+00
    6.5696590932533661e+02 -5.4373939577078234e-01
    5.8711621321901726e-02 -3.0685648382472319e+00
    1.3771292833040792e+02 4.7749704653423002e+01 6.3211015281960795e+02
    1.1769112659022911e-01 6.5021148733086023e-02 3.1043562640805802e+00
    1.4307776900914329e+01 2.6422367011457421e+01 6.2473519954615483e+02
    -2.7404698930789362e-01 7.2721582775461778e-03
    -3.1216566210441585e+00 2.7928731946035342e+01
    7.2040109484527619e+01 5.8702739716865960e+02
    -7.3878401333529387e-01 -3.0586415528852526e-02
    -3.0127911878399454e+00 9.2593256856965269e+01
    1.7192023347357210e+01 7.0242028844982622e+02
    -8.0139319960687494e-01 1.1742899748540822e-01
    2.8504399432166476e+00 1.7793255560716358e+02
    -8.9582163051614803e+00 7.2005204308072155e+02
    -1.6048147896357987e-01 1.4305599682659817e-01
    3.0930834711806376e+00 1.7428120715780594e+02 1.7777951164383559e+01
    8.0489739110864491e+02 6.6925139853168794e-02
    -3.3972864478928826e-02 3.1393270520506564e+00
    1.6554878481822064e+02 1.2238281938763673e+02 7.7108815412758076e+02
    4.9371178771475560e-01 -7.7543905430864674e-02
    3.0574793835891820e+00 2.1897710234206644e+02 2.5106526587872590e+01
    7.2073876145765132e+02 -8.8860704276485292e-01
    7.9370725822903374e-02 -2.9860444456311894e+00
    1.5385492064453493e+02 -2.3882595828989579e+01
    6.6076321632902727e+02 2.7136308547766996e-01
    -4.7819942756662792e-02 3.0776711543114912e+00
    1.0073992083141663e+02 -2.4610924419998746e+01
    8.3287383888013608e+02 1.6023329571286202e-01 1.9838578743439145e-01
    3.1216540348472752e+00 7.1038994751084019e+01
    -6.3103434717138931e+01 9.6697222444370288e+02
    -4.6274601793516634e-01 9.1514276060701019e-02
    2.6857999166794340e+00 9.1684613566540506e+01
    -1.0611824263412139e+02 9.3806469839659462e+02
    -1.8905451609631280e-01 6.9706873566499530e-02
    2.9029508036284604e+00 2.4923877742891631e+02
    -6.5967664794203628e+01 8.4015551182674119e+02
    4.6418803595441810e-01 1.0853287743812139e-01 3.0969614581396878e+00
    1.4923423298217710e+02 9.7746315299177606e+00 6.2495159830083969e+02
    -2.4982702596756040e-01 -8.6579125873223872e-01
    -2.6873873887393609e+00 1.9106993076201832e+02
    -2.6656654932219581e+01 7.5391967757534326e+02
    4.9045906300061232e-01 4.2231870474245453e-01 3.0722724074684393e+00
    2.3253281253007097e+02 -6.9022377769947582e+01
    7.4958873330987262e+02 -4.3886479910425158e-01
    -7.5734029589046778e-02 -3.0551586187534987e+00
    -2.8748935368231631e+01 -5.2296555594288620e+01
    7.6068736750705148e+02</data></extrinsic_parameters>
